89.50418854 6:313,241,437,496,62,64,
61.87891388 13:95,130,131,348,349,350,198,359,360,286,6,7,8,
398.61132812 5:85,413,414,415,378,
37.93415451 3:156,338,339,
260.84478760 3:340,368,484,
25.57342339 31:305,226,227,240,242,243,254,266,508,188,517,518,371,372,468,482,483,490,49,50,51,52,53,54,57,60,65,66,69,70,71,
25.82634354 24:88,89,162,322,163,323,341,344,506,507,189,190,453,296,381,463,465,487,491,492,9,21,29,43,
261.68109131 4:394,395,396,45,
215.74754333 10:126,127,128,209,132,146,161,174,185,186,
28.93095207 8:206,207,208,301,164,268,438,377,
45.82575607 11:400,401,176,177,180,182,183,397,398,399,5,
157.77832031 10:302,148,269,433,275,282,373,454,456,44,
118.83181763 7:113,214,231,354,355,358,362,
37.36308289 19:102,230,244,246,247,253,270,455,462,476,480,489,494,495,497,498,48,67,68,
256.93188477 4:307,151,427,33,
164.74221802 9:211,212,221,233,234,165,166,444,445,
378.84957886 10:133,134,135,136,137,138,265,346,436,14,
82.57118225 14:312,175,264,271,272,514,367,291,292,294,295,40,55,73,
28.05352020 1:412,
98.68637085 7:215,219,167,259,260,261,12,
51.22499466 8:232,409,169,179,474,475,486,17,
23.34523582 24:82,92,100,101,105,106,107,108,109,110,111,112,114,115,116,118,119,308,310,408,181,510,472,20,
69.29646301 8:200,263,199,451,452,457,13,31,
159.03459167 6:94,210,157,158,159,460,
155.33190918 15:129,304,152,153,154,238,239,335,336,428,429,23,24,25,26,
43.20879364 8:117,120,403,404,405,406,407,178,
21.95449829 18:122,248,249,250,251,252,425,276,277,278,279,280,281,458,388,478,481,59,
413.96014404 2:390,391,
279.05914307 2:56,58,
155.45095825 10:80,500,501,502,503,504,505,499,74,75,
86.61408997 2:303,435,
18.84144402 28:103,201,139,140,311,329,418,421,422,423,184,352,353,193,441,442,285,446,370,374,466,469,485,4,18,19,63,77,
21.95449829 31:96,97,98,99,123,155,315,317,245,170,331,411,171,332,173,334,255,511,434,356,357,361,363,283,287,288,289,290,471,493,2,
25.59296799 18:93,121,143,144,306,258,424,345,426,194,440,450,376,467,22,39,47,76,
47.38143158 9:124,223,228,229,196,369,387,473,477,
54.45181274 8:202,203,204,205,141,142,343,470,
1001.48736572 2:342,351,
44.42971802 19:83,84,104,347,512,513,195,365,366,293,488,15,16,28,34,35,36,37,38,
112.34767151 13:309,318,160,325,416,417,515,375,379,382,383,384,385,
36.08323669 11:91,300,145,237,324,326,327,328,330,187,46,
615.49896240 2:224,225,
18.81488800 18:81,213,216,217,218,220,235,236,168,262,509,197,459,461,464,389,11,79,
266.90072632 9:519,520,521,298,299,380,41,42,61,
27.12932014 26:86,125,222,147,150,316,172,333,256,257,430,431,191,432,192,273,274,439,443,364,447,448,297,30,32,78,
164.74221802 4:284,479,3,10,
70.11418915 10:319,320,402,410,337,516,386,392,393,27,
71.99305725 3:87,321,267,
209.67593384 7:90,149,314,419,420,449,72,
