mainstream 2:76,1|6,1|
to 2:162,1|17,1|
singl 2:261,1|222,1|
us 6:261,2|263,3|173,1|220,1|69,1|32,1|
televis 2:190,1|172,1|
protect 2:6,1|103,1|
encyclopediasthi 6:50,1|61,1|97,1|183,1|218,1|103,1|
articl 35:113,1|150,1|226,1|40,1|151,1|4,1|116,1|230,1|269,1|194,1|84,1|85,1|50,1|164,1|126,1|245,1|16,1|249,1|56,1|171,1|91,1|208,1|23,1|24,1|61,1|96,1|97,1|183,1|218,1|29,1|103,1|69,1|33,1|35,1|75,1|
common 2:117,1|233,1|
locat 2:170,1|290,1|
found 2:76,2|32,1|
unlik 2:263,1|154,1|
book 2:95,1|216,1|
spain 3:228,1|265,1|229,1|
featur 4:263,2|233,1|198,1|91,1|
gamess 3:44,1|258,1|22,1|
israelit 2:135,1|137,1|
scienc 3:190,1|192,1|172,1|
electionss 2:241,1|65,1|
adapt 2:88,1|89,1|
speci 3:115,1|10,1|101,1|
born 3:192,1|276,1|277,1|
extinct 4:178,1|179,1|106,1|108,1|
club 3:152,1|17,1|285,1|
topic 2:275,1|148,1|
world 3:76,1|225,1|17,1|
call 6:76,1|233,1|270,1|198,1|213,1|103,1|
focu 2:76,1|270,1|
encyclopediafamili 2:259,1|260,1|
speed 3:198,1|141,1|142,1|
histori 2:270,1|16,1|
commun 2:192,1|186,1|
plan 2:270,1|174,1|
olymp 2:203,5|204,1|
lead 2:270,1|175,1|
encyclopediain 2:150,1|233,1|
squar 2:150,1|32,2|
alsoss 2:76,1|46,1|
charact 2:46,1|254,1|
ancient 2:203,1|204,1|
artwork 2:263,1|206,1|
social 2:53,1|75,1|
histor 2:49,1|26,1|
art 3:76,3|114,1|123,1|
central 3:84,1|175,1|103,1|
mountain 2:5,1|182,1|
encyclopediapolit 5:270,1|52,1|57,1|58,1|75,1|
exist 2:263,1|50,1|
produc 3:151,1|10,1|166,1|
applic 3:233,1|161,1|198,1|
tool 2:113,1|103,1|
element 4:263,2|78,1|211,5|220,1|
land 2:138,1|186,1|
rule 2:265,1|175,1|
civil 7:271,1|272,1|124,1|15,1|16,1|55,1|73,1|
human 10:115,1|116,2|118,1|6,2|270,1|139,1|100,1|106,1|107,1|110,1|
europ 3:152,1|74,1|110,1|
entir 2:76,1|220,1|
murder 2:188,1|36,1|
support 2:6,1|198,2|
militari 2:46,1|124,1|
onlin 2:86,1|29,2|
correct 2:166,1|103,1|
era 2:176,1|177,1|
period 2:176,1|177,1|
artist 3:39,1|114,1|269,1|
encyclopediass 7:268,1|8,1|156,1|89,1|251,1|205,1|112,1|
encyclopediast 2:240,1|68,1|
libertarian 2:249,1|62,1|
encyclopediath 11:226,1|154,1|230,1|158,1|241,1|244,1|59,1|65,1|66,1|67,1|70,1|
famili 4:261,2|231,1|160,1|196,1|
warss 6:189,1|271,1|272,1|124,1|292,1|223,1|
variou 4:261,1|270,1|215,1|103,1|
quadrenni 6:241,1|59,1|65,1|66,1|67,1|68,1|
encyclopediacountri 2:3,1|168,1|
presid 8:226,2|227,1|230,2|270,3|240,1|244,1|246,1|70,1|
form 3:233,1|270,1|52,1|
address 2:261,1|270,1|
statesss 2:18,1|72,1|
israel 7:127,1|132,1|174,1|135,1|136,1|186,1|146,1|
game 6:191,1|194,2|121,1|203,2|258,1|22,1|
british 2:46,2|174,1|
color 2:263,2|90,1|
tournament 2:238,1|284,1|
machin 2:76,1|13,1|
implement 4:261,3|113,1|198,1|211,2|
accord 2:198,1|211,1|
iss 2:225,1|220,1|
allow 2:152,2|6,1|
bce 2:16,1|36,1|
galaxi 3:283,1|255,1|96,1|
origin 3:76,1|155,1|32,1|
execut 2:233,2|198,2|
line 3:263,1|186,1|30,1|
white 2:270,1|278,1|
citi 4:193,1|16,1|300,2|72,1|
ukrain 2:80,1|75,1|
concept 3:273,1|173,1|175,1|
built 2:186,1|146,1|
statesssfor 2:87,1|52,1|
presidenti 7:241,1|59,1|62,1|65,1|66,1|67,1|68,1|
requir 2:261,1|270,1|
genu 2:92,1|105,1|
techniquess 2:234,1|103,1|
program 7:263,1|81,1|215,1|216,1|219,1|220,3|221,1|
languagess 2:215,1|219,1|
movement 5:263,2|6,2|155,1|123,1|206,1|
languag 7:43,1|81,1|87,1|296,1|216,1|220,4|29,1|
list 6:76,2|164,1|126,1|171,1|289,3|29,1|
bank 2:174,1|146,1|
author 2:192,1|277,1|
region 4:153,1|154,2|170,1|183,1|
iron 2:135,1|137,1|
design 2:261,1|263,1|
father 2:188,1|270,1|
thcenturi 2:158,1|69,1|
univers 2:25,1|99,1|
team 4:152,3|17,1|23,1|25,1|
media 2:6,1|173,1|
encyclopediasfor 5:275,1|294,1|63,1|148,1|38,1|
consid 2:76,1|6,1|
take 2:233,1|222,1|
eastern 2:181,1|74,1|
separ 3:154,1|233,1|30,1|
spanish 2:152,1|124,1|
barbari 2:291,1|292,1|
religion 2:134,1|138,1|
japanes 2:11,1|56,1|
oper 4:261,1|154,1|213,1|214,1|
natur 3:270,2|175,3|103,1|
complet 2:76,1|263,1|
fifth 2:76,1|154,1|
politician 6:46,1|270,1|246,1|248,1|64,1|71,1|
fiction 2:46,1|301,1|
unknown 2:175,1|103,1|
edit 2:76,1|29,1|
develop 7:263,1|118,1|270,1|200,1|17,2|296,1|220,1|
object 4:289,2|208,1|297,1|97,1|
public 3:76,3|6,1|270,1|
encyclopediaspeci 3:232,1|20,1|105,1|
patern 2:160,1|196,1|
minnesota 2:249,1|56,1|
scottish 2:46,3|47,1|
encyclopediaenglish 2:12,1|238,1|
ssthi 4:194,1|33,1|35,1|75,1|
contain 2:76,1|206,1|
tier 2:152,1|154,2|
event 6:118,1|270,1|202,1|204,1|182,1|103,1|
largest 2:159,1|289,1|
includ 5:76,2|263,1|46,1|175,1|106,1|
encyclopedia 34:262,1|77,1|151,1|115,1|228,1|79,1|190,1|266,1|45,1|84,1|49,1|237,1|242,1|279,1|88,1|247,1|250,1|18,1|253,1|287,1|131,1|132,1|172,1|174,1|258,1|22,1|94,1|95,1|62,1|143,1|149,1|29,1|102,1|36,1|
extens 3:263,2|198,2|218,1|
formal 2:203,1|184,1|
donald 2:61,1|145,1|
encyclopediasnot 4:119,1|298,1|147,1|32,1|
parti 8:50,2|52,2|127,1|54,1|56,3|60,1|62,1|69,3|
footbal 6:152,2|153,2|46,1|238,1|239,1|17,2|
term 10:6,2|270,1|11,1|86,1|17,1|257,1|26,1|104,1|69,1|105,1|
govern 3:267,1|83,1|48,1|
board 2:76,1|129,1|
relat 4:59,1|66,1|67,1|68,1|
encyclopedianbspnbspredirect 13:113,1|224,1|41,1|11,1|272,1|123,1|203,1|204,1|206,1|292,1|182,1|35,1|110,1|
idea 2:76,1|103,1|
time 3:270,1|198,1|103,1|
william 3:227,1|244,1|246,1|
pregnanc 2:6,1|7,1|
current 2:84,1|198,1|
statess 4:155,1|46,1|129,1|63,1|
soccer 2:46,1|17,1|
text 3:76,1|194,1|235,1|
rome 2:16,1|34,1|
compani 2:191,1|27,2|
million 2:176,1|177,1|
multipli 2:261,1|198,1|
film 8:77,1|263,4|151,3|266,1|49,2|88,2|89,2|104,1|
visual 3:194,1|121,1|208,1|
star 2:189,1|245,1|
biolog 2:120,1|175,1|
encyclopediaart 2:122,1|207,1|
theori 2:116,1|86,1|
inform 3:86,1|52,1|103,1|
below 2:154,1|198,1|
countri 2:154,1|6,1|
roman 4:269,1|34,1|35,2|36,1|
express 2:114,1|175,1|
creat 4:76,1|261,1|233,1|103,1|
successor 2:52,1|136,1|
short 2:76,1|141,1|
unit 22:224,1|226,2|230,2|7,1|155,1|46,1|50,1|87,2|52,1|244,1|54,1|18,1|19,1|56,1|129,1|291,1|60,1|181,1|63,1|69,1|70,1|72,1|
seen 2:263,1|103,1|
conflict 3:40,1|228,1|80,1|
via 2:198,1|52,1|
sthe 2:9,1|270,1|
battl 3:272,1|292,1|223,1|
assassin 3:227,1|42,1|36,1|
issu 2:76,3|270,2|
cpu 2:261,1|198,2|
album 2:208,1|104,1|
feder 3:152,1|154,1|270,2|
follow 3:289,1|175,1|34,1|
global 2:201,1|175,1|
mathemat 2:150,2|177,1|
context 2:175,1|103,1|
encyclopediamathemat 2:78,1|273,1|
opensourc 2:214,1|215,1|
encyclopediak 2:42,1|293,1|
associ 5:152,1|238,1|86,1|170,1|211,1|
burn 2:17,1|203,1|
electionssfor 4:59,1|66,1|67,1|68,1|
algorithm 4:166,1|212,1|145,1|32,1|
structur 5:175,1|211,1|96,1|98,1|99,1|
repres 4:261,1|270,1|235,1|25,1|
south 2:168,1|300,2|
modern 7:115,1|116,1|203,1|204,1|135,1|136,1|110,1|
encyclopediatyp 2:166,1|21,1|
individu 2:40,1|175,2|
name 12:39,1|226,1|151,1|230,1|49,1|160,1|196,1|52,1|244,1|257,1|294,1|63,1|
coverag 2:275,1|148,1|
constel 5:245,1|283,1|170,1|255,1|290,2|
women 2:153,1|111,1|
techniqu 3:261,2|263,1|103,1|
encyclopediahistori 3:134,1|137,1|138,1|
encyclopediagenu 2:106,1|108,1|
ceremoni 2:203,1|204,1|
seri 4:76,1|261,1|40,1|172,1|
organizationss 2:53,1|132,1|
situat 2:270,1|103,3|
serv 2:211,2|32,1|
nation 5:76,1|270,4|56,1|133,1|134,1|
writer 3:269,1|144,1|103,1|
direct 2:76,2|266,1|
archaic 2:100,1|101,1|
system 9:263,2|152,1|17,2|257,1|175,4|210,1|214,1|184,1|220,1|
regular 3:76,1|211,1|32,1|
octob 2:270,1|290,1|
leagu 4:152,3|153,1|154,1|17,1|
race 4:59,1|66,1|67,1|68,1|
crime 2:95,1|103,3|
paleozo 3:176,1|179,1|180,1|
player 2:269,1|46,2|
similar 2:244,1|211,1|
behaviorss 2:115,1|13,1|
novel 2:143,1|104,1|
cluster 3:245,2|170,1|32,4|
polit 13:46,1|50,1|51,1|276,1|277,1|280,1|53,1|127,1|281,1|54,1|56,1|60,1|69,2|
product 2:263,2|103,1|
coin 2:76,1|86,1|
encyclopediacomput 2:234,1|302,1|
peopl 7:226,1|230,1|46,1|87,1|294,1|138,1|69,1|
compil 2:233,1|215,1|
video 5:263,1|191,1|44,1|258,2|22,2|
trump 2:61,1|185,1|
hous 2:270,1|278,1|
set 2:270,1|198,1|
partit 2:174,1|32,1|
type 3:263,1|211,1|184,1|
matern 2:160,1|196,1|
broader 2:275,1|148,1|
search 2:274,1|125,1|
vaccin 2:139,1|140,1|
redirect 23:39,1|114,1|3,1|191,1|12,1|51,1|14,1|244,1|252,1|169,1|174,1|295,1|177,1|301,1|181,1|216,1|27,1|104,1|105,1|107,1|72,1|36,1|74,1|
encyclopediaalgorithm 2:274,1|165,1|
partysspolit 2:127,1|60,1|
encyclopediassthi 2:23,1|29,1|
provid 3:76,1|198,1|220,1|
war 5:76,1|225,1|40,1|55,1|73,1|
planet 2:157,1|257,3|
method 2:194,1|32,1|
rang 3:76,3|5,1|181,1|
rank 2:224,1|274,1|
simpl 2:282,1|175,2|
person 3:6,1|103,5|104,1|
english 5:43,1|46,1|239,1|91,1|29,1|
jewish 3:128,1|174,1|138,1|
remain 2:76,1|211,1|
opinion 2:6,1|61,1|
palestin 2:132,1|174,3|
moral 2:76,1|6,1|
west 2:174,1|146,1|
web 2:274,1|103,1|
technolog 3:263,1|27,1|218,1|
softwar 2:198,1|221,1|
process 2:263,1|220,1|
sport 3:23,2|24,2|26,1|
ad 3:15,1|34,1|35,1|
chief 2:270,1|85,1|
sssthi 2:226,1|230,1|
skaterss 2:141,1|142,1|
bc 3:15,1|34,1|35,1|
perform 2:167,1|103,1|
son 2:246,1|33,1|
imag 2:208,1|31,1|
main 2:152,1|86,1|
major 6:261,1|263,1|118,1|272,1|17,1|69,1|
consist 2:152,1|175,1|
result 5:6,1|233,1|86,1|198,1|32,1|
sweden 2:41,1|42,2|
comput 6:261,1|263,3|12,1|211,1|217,1|220,1|
instruct 3:261,1|198,1|167,1|
organ 2:52,1|213,1|
user 3:121,1|86,1|103,1|
law 2:257,1|103,2|
typic 2:233,1|175,1|
sss 2:265,1|64,1|
technic 2:270,1|103,1|
wish 2:76,1|103,1|
chicago 2:17,3|18,1|
kingdom 3:19,1|136,2|137,1|
data 6:261,1|233,1|194,1|290,1|211,2|32,1|
astronom 3:96,1|97,1|98,1|
refer 2:162,1|17,2|
composit 2:263,2|254,1|
encyclopediaastronom 2:288,1|96,1|
collis 2:173,1|182,1|
valu 2:233,2|103,1|
divid 2:154,1|174,1|
encyclopediaroman 2:16,1|37,1|
anim 3:263,6|269,2|175,1|
digit 2:263,3|259,1|
dictat 3:265,1|175,1|37,1|
encyclopediawikipedia 3:164,1|126,1|171,1|
american 12:225,1|190,1|271,1|272,1|123,1|17,1|55,1|172,1|93,1|213,1|69,2|73,1|
encyclopediaamerican 26:187,1|188,1|227,1|192,1|269,1|51,1|276,1|277,1|280,1|53,1|246,1|281,1|54,1|248,1|249,1|56,1|130,1|295,1|299,1|60,1|141,1|142,1|64,1|27,1|217,1|71,1|
virginia 3:25,1|26,1|72,1|
encyclopediabattl 3:271,1|55,1|73,1|
librari 3:76,1|81,1|213,1|
split 2:52,1|136,1|
encyclopediaspanish 3:153,1|265,1|196,1|
addition 2:263,1|211,1|
argu 2:6,1|103,1|
space 2:257,1|32,1|
approxim 2:166,1|257,1|
documentari 2:190,1|172,1|
confus 8:224,1|119,1|45,1|283,1|298,1|301,1|147,1|32,1|
ss 11:192,1|83,1|85,1|276,1|277,1|16,1|201,1|291,1|28,1|70,1|71,1|
